NAME: reto_15ciudades
TYPE: ATSP
DIMENSION: 15
EDGE_WEIGHT_TYPE: EXPLICIT
EDGE_WEIGHT_FORMAT: FULL_MATRIX
EDGE_WEIGHT_SECTION
  0  45 120  15  80  33  92  14 110  55  76  24  88  65 101
 34   0  90  45 130  66  21 140  85  40  70 115 105  50  60
 99  54   0  77  25  43 111  89  31 102 145  60  15  75  80
 12  88  34   0  95 120  44  56 100  20  65  85 135 110  40
 60  70  80  90   0  10  20  30  40  50  60  70  80  90 100
110 120  15  25  35   0  55  65  75  85  95 105 115 125 135
 14  28  42  56  70  84   0 112 126 140  10  20  30  40  50
 22  33  44  55  66  77  88   0 110 121 132 143  11  22  33
 90  80  70  60  50  40  30  20   0  10 100 110 120 130 140
 15  30  45  60  75  90 105 120 135   0  25  50  75 100 125
140 130 120 110 100  90  80  70  60  50   0  30  20  10 145
 45  55  65  75  85  95 105 115 125 135 145   0  15  25  35
 50  40  30  20  10 150 140 130 120 110 100  90   0  70  60
 88  77  66  55  44  33  22  11 120 110 100  90  80   0  60
 15  25  35  45  55  65  75  85  95 105 115 125 135 145   0
EOF
